-1.38322e+07 -1.21329e+07 -1.25683e+07 -1;
-1.67122e+07 -1.67263e+07 -138507 0;
-1.67404e+07 -1.48977e+07 -4.41119e+06 0;
-1.5376e+07 -1.31478e+07 -7.5436e+06;
-1.60733e+07 -1.21604e+07 -16160 0;
-1.318e+07 -1.32e+07 -7.79509e+06 -1;
-5.47994e+06 -5.14307e+06 -1.18661e+06 0;
-8.15827e+06 -8.15833e+06 -1.65798e+07 -1;
-4.76015e+06 -4.76015e+06 -8.46264e+06;
-9.4926e+06 -9.48518e+06 -1.21901e+07 0;
-6.93458e+06 -1.26949e+07 -7.81006e+06 0;
-1.2637e+07 -9.29492e+06 -1.04963e+07 0;
-1.27344e+07 -1.03231e+07 -8.2576e+06 0;
-1.39591e+06 -31700 -1.70368e+06 -1;
-3.05424e+06 -3.04732e+06 -7.79934e+06 0;
-2.85307e+06 -4.16017e+06 -1.05509e+07 -1;
-113355 -5.8805e+06 -1.66534e+06 0;
-7.39635e+06 -3.45646e+06 -7.81017e+06 0;
-1.12282e+07 -6.06137e+06 -1.47324e+07 -1;
-1.11156e+07 -7.18705e+06 -1.78106e+06 0;
-1.34024e+07 -1.36093e+07 -3.48394e+06 0;
-1.51783e+07 -1.12523e+07 -7.74479e+06 0;
-1.32644e+07 -1.32455e+07 -2.75918e+06 0;
-1.58342e+07 -1.19676e+07 -9.71092e+06 0;
-1.3082e+07 -1.26801e+07 -4.39812e+06 0;
-1.07816e+07 -8.94657e+06 -4.39812e+06 0;
-9.99053e+06 -6.19916e+06 -1.08062e+07 -1;
-1.23015e+07 -8.2357e+06 -471320 0;
-1.2891e+07 -8.62989e+06 -1.92081e+06 0;
-9.47856e+06 -1.62887e+07 -1.67772e+07 0;
