1;
1 1;
1 2 1;
1 3 3 1;
1 4 6 4 1;
1 5 10 10 5 1;
1 6 15 20 15 6 1;
1 7 21 35 35 21 7 1;
1 8 28 56 70 56 28 8 1;
1 9 36 84 126 126 84 36 9 1;
1 10 45 120 210 252 210 120 45 10 1;
1 11 55 165 330 462 462 330 165 55 11 1;
1 12 66 220 495 792 924 792 495 220 66 12 1;
1 13 78 286 715 1287 1716 1716 1287 715 286 78 13 1;
1 14 91 364 1001 2002 3003 3432 3003 2002 1001 364 91 14 1;
1 15 105 455 1365 3003 5005 6435 6435 5005 3003 1365 455 105 15 1;
1 16 120 560 1820 4368 8008 11440 12870 11440 8008 4368 1820 560 120 16 1;
1 17 136 680 2380 6188 12376 19448 24310 24310 19448 12376 6188 2380 680 136 17 1;
1 18 153 816 3060 8568 18564 31824 43758 48620 43758 31824 18564 8568 3060 816 153 18 1;
1 19 171 969 3876 11628 27132 50388 75582 92378 92378 75582 50388 27132 11628 3876 969 171 19 1;
1 20 190 1140 4845 15504 38760 77520 125970 167960 184756 167960 125970 77520 38760 15504 4845 1140 190 20 1;
1 21 210 1330 5985 20349 54264 116280 203490 293930 352716 352716 293930 203490 116280 54264 20349 5985 1330 210 21 1;
1 22 231 1540 7315 26334 74613 170544 319770 497420 646646 705432 646646 497420 319770 170544 74613 26334 7315 1540 231 22 1;
1 23 253 1771 8855 33649 100947 245157 490314 817190 1.14407e+006 1.35208e+006 1.35208e+006 1.14407e+006 817190 490314 245157 100947 33649 8855 1771 253 23 1;
1 24 276 2024 10626 42504 134596 346104 735471 1.3075e+006 1.96126e+006 2.49614e+006 2.70416e+006 2.49614e+006 1.96126e+006 1.3075e+006 735471 346104 134596 42504 10626 2024 276 24 1;
1 25 300 2300 12650 53130 177100 480700 1.08158e+006 2.04298e+006 3.26876e+006 4.4574e+006 5.2003e+006 5.2003e+006 4.4574e+006 3.26876e+006 2.04298e+006 1.08158e+006 480700 177100 53130 12650 2300 300 25 1;
1 26 325 2600 14950 65780 230230 657800 1.56228e+006 3.12455e+006 5.31174e+006 7.72616e+006 9.6577e+006 1.04006e+007 9.6577e+006 7.72616e+006 5.31174e+006 3.12455e+006 1.56228e+006 657800 230230 65780 14950 2600 325 26 1;
1 27 351 2925 17550 80730 296010 888030 2.22008e+006 4.68683e+006 8.43629e+006 1.30379e+007 1.73839e+007 2.00583e+007 2.00583e+007 1.73839e+007 1.30379e+007 8.43629e+006 4.68683e+006 2.22008e+006 888030 296010 80730 17550 2925 351 27 1;
1 28 378 3276 20475 98280 376740 1.18404e+006 3.10811e+006 6.9069e+006 1.31231e+007 2.14742e+007 3.04218e+007 3.74422e+007 4.01166e+007 3.74422e+007 3.04218e+007 2.14742e+007 1.31231e+007 6.9069e+006 3.10811e+006 1.18404e+006 376740 98280 20475 3276 378 28 1;
1 29 406 3654 23751 118755 475020 1.56078e+006 4.29215e+006 1.0015e+007 2.003e+007 3.45973e+007 5.18959e+007 6.78639e+007 7.75588e+007 7.75588e+007 6.78639e+007 5.18959e+007 3.45973e+007 2.003e+007 1.0015e+007 4.29215e+006 1.56078e+006 475020 118755 23751 3654 406 29 1;
1 30 435 4060 27405 142506 593775 2.0358e+006 5.85293e+006 1.43072e+007 3.0045e+007 5.46273e+007 8.64932e+007 1.1976e+008 1.45423e+008 1.55118e+008 1.45423e+008 1.1976e+008 8.64932e+007 5.46273e+007 3.0045e+007 1.43072e+007 5.85293e+006 2.0358e+006 593775 142506 27405 4060 435 30 1;
1 31 465 4495 31465 169911 736281 2.62958e+006 7.88873e+006 2.01601e+007 4.43522e+007 8.46723e+007 1.41121e+008 2.06253e+008 2.65183e+008 3.0054e+008 3.0054e+008 2.65183e+008 2.06253e+008 1.41121e+008 8.46723e+007 4.43522e+007 2.01601e+007 7.88873e+006 2.62958e+006 736281 169911 31465 4495 465 31 1;
1 32 496 4960 35960 201376 906192 3.36586e+006 1.05183e+007 2.80488e+007 6.45122e+007 1.29024e+008 2.25793e+008 3.47374e+008 4.71436e+008 5.65723e+008 6.0108e+008 5.65723e+008 4.71436e+008 3.47374e+008 2.25793e+008 1.29024e+008 6.45122e+007 2.80488e+007 1.05183e+007 3.36586e+006 906192 201376 35960 4960 496 32 1;
